[fondo.jpg]
filters=finetune2=1,0.438596,0.000000,0.000000,00000000,0.000000;finetune2=1,0.397661,0.000000,0.000000,00000000,0.000000;
moddate=847a700479d5d101
width=550
height=250
textactive=0
